0.008569149766496 0.001450896547012 0.002997342083880 0.000597343750000 
0.009542126920011 0.015873627948807 0.003622377771528 0.000597343750000 
0.012875169584620 0.017786782536245 0.000936558078809 0.000597343750000 
0.001912427128781 0.012317972732709 0.001715107532218 0.000597343750000 
0.005834156380132 0.008068855567576 0.005577937417049 0.000597343750000 
0.018375638480531 0.007693448009195 0.006795807983069 0.000597343750000 
0.018214452241876 0.015320281959607 0.002853059986014 0.000597343750000 
0.005577102912702 0.009712966714883 0.007446658236748 0.000597343750000 
0.012095473738475 0.005935468378893 0.007694849380765 0.000597343750000 
0.016660875040650 0.008122772629239 0.006249539465604 0.000597343750000 
0.009613363070887 0.002955231242172 0.004352623538481 0.000597343750000 
0.006743339058259 0.005000373821579 0.005874781950067 0.000597343750000 
0.017801116470076 0.005931706344046 0.002790511165022 0.000597343750000 
0.008177618042299 0.004263980930451 0.000766867815221 0.000597343750000 
0.014225353069598 0.011331229066932 0.006861912081498 0.000597343750000 
0.011570667517384 0.006372113510542 0.001232769643861 0.000597343750000 
0.002719078091191 0.008145824356744 0.003945261199921 0.000597343750000 
0.000945276355020 0.016137120999992 0.001482514848283 0.000597343750000 
0.005300045132403 0.004172914376347 0.001152815268406 0.000597343750000 
0.013234435169843 0.016371081433819 0.008572573119752 0.000597343750000 
0.002772453413731 0.009760012320907 0.001821004880283 0.000597343750000 
0.015555185148757 0.000776409452632 0.006666964153845 0.000597343750000 
0.012256352797933 0.005074299185106 0.005621507279507 0.000597343750000 
0.017710186426741 0.013143185455359 0.002693814896027 0.000597343750000 
0.009682314113136 0.007424530471894 0.003440159659226 0.000597343750000 
0.017097588039850 0.002088221756108 0.004235703729493 0.000597343750000 
0.011668776269643 0.014092494232138 0.005484108055263 0.000597343750000 
0.002691276091198 0.015919829767249 0.003506333305399 0.000597343750000 
0.002066639776905 0.008926538633474 0.006622116727621 0.000597343750000 
0.011622638037236 0.018368237197438 0.001890971950050 0.000597343750000 
0.004802386945060 0.015973686620314 0.001794933689632 0.000597343750000 
0.005458556896196 0.017453967109390 0.001435813482339 0.000597343750000 
0.011740481284215 0.003766405004720 0.008668466459906 0.000597343750000 
0.015754426829558 0.006606111960108 0.001149425893476 0.000597343750000 
0.009758463946514 0.016530538740261 0.005857299141476 0.000597343750000 
0.017642821390232 0.012274224128889 0.007644228331821 0.000597343750000 
0.002166304924572 0.013874933615736 0.008831465431917 0.000597343750000 
0.001616806466518 0.009370546830463 0.008523935602441 0.000597343750000 
0.015365816762641 0.015473744184535 0.008218952292806 0.000597343750000 
0.006301456094301 0.000738266057225 0.002254794367116 0.000597343750000 
0.006014885117546 0.006107483263384 0.005148791656074 0.000597343750000 
0.009919767110604 0.005526977445707 0.007326292763019 0.000597343750000 
0.012741577188222 0.003305387144228 0.005025161585898 0.000597343750000 
0.006519382768110 0.016212203659718 0.008161935861714 0.000597343750000 
0.002981385661380 0.007335729916553 0.005315600170819 0.000597343750000 
0.003804132515145 0.017263035322442 0.004092104879573 0.000597343750000 
0.004972250047377 0.003308528562222 0.003159114696329 0.000597343750000 
0.018097104797757 0.003941207108013 0.006533797494449 0.000597343750000 
0.006065703342949 0.008933355834495 0.003932373104108 0.000597343750000 
0.004542697656571 0.008984620407574 0.005259493302303 0.000597343750000 
0.002371211737850 0.000945915144009 0.006364345024387 0.000597343750000 
0.002846778899266 0.017230262080157 0.001159177324050 0.000597343750000 
0.005105145294716 0.013867348733807 0.006479643351929 0.000597343750000 
0.007988271562935 0.006677269818068 0.007526399795344 0.000597343750000 
0.001346334507760 0.012832905224284 0.006467501091945 0.000597343750000 
0.001591800582018 0.016369116207544 0.006925448836222 0.000597343750000 
0.005703943496512 0.015925750198841 0.005601992239987 0.000597343750000 
0.015734280411639 0.002311512545449 0.007107862009598 0.000597343750000 
0.005428648131188 0.012319573487851 0.006145421088416 0.000597343750000 
0.004372338220581 0.018261927719031 0.005614858282773 0.000597343750000 
0.015709709855563 0.006271975806389 0.006066823141547 0.000597343750000 
0.002774021741572 0.003152026495815 0.007521583236391 0.000597343750000 
0.010167785097918 0.007530525824542 0.007280214834674 0.000597343750000 
0.010734278937263 0.009120976544023 0.007972866180006 0.000597343750000 
0.013374725073026 0.012140204597336 0.003769166558171 0.000597343750000 
0.006917327245173 0.008081879317350 0.008022248153627 0.000597343750000 
0.011637733052493 0.004476204459772 0.001902861655569 0.000597343750000 
0.001234217209805 0.004926474576233 0.002215577871289 0.000597343750000 
0.010107935358261 0.001604532371785 0.000650700034354 0.000597343750000 
0.010514496133068 0.000948484388046 0.004595905500310 0.000597343750000 
0.017917924440563 0.013360172600886 0.006617379789105 0.000597343750000 
0.001961592910963 0.001908128446891 0.005263305182387 0.000597343750000 
0.009167179078054 0.015427959977561 0.005247047509135 0.000597343750000 
0.017221160654047 0.005871706799453 0.001178744969611 0.000597343750000 
0.008788144633632 0.007123287243811 0.005937169291963 0.000597343750000 
0.016664223889142 0.000718389807927 0.007533097912661 0.000597343750000 
0.005843258919565 0.004194268718829 0.007402221722088 0.000597343750000 
0.010507089493932 0.002287287197069 0.006982007882594 0.000597343750000 
0.018060050903720 0.012860944627050 0.004065158440249 0.000597343750000 
0.018140769921630 0.017671238596696 0.005159823779110 0.000597343750000 
0.010099445748204 0.013954429470153 0.002460723570134 0.000597343750000 
0.004700372539406 0.007851471314051 0.001594073436528 0.000597343750000 
0.007436428074158 0.012849219101844 0.008625168524384 0.000597343750000 
0.008207696854355 0.002613586208902 0.000841253327669 0.000597343750000 
0.002023200315803 0.012592150360330 0.003352126145823 0.000597343750000 
0.004982664016056 0.008560128157792 0.003072637720520 0.000597343750000 
0.009617199952890 0.010842411843197 0.002053030267759 0.000597343750000 
0.018434529648646 0.010869224731483 0.002964757610025 0.000597343750000 
0.009809316558846 0.002957897739094 0.000792408639259 0.000597343750000 
0.005205138270649 0.017280561427157 0.003703672851560 0.000597343750000 
0.017177469933885 0.008962800260186 0.003385771733624 0.000597343750000 
0.010142176194523 0.005841675884733 0.001708489442865 0.000597343750000 
0.008522443767032 0.004555346320179 0.008011009690407 0.000597343750000 
0.016166644347308 0.011988263501198 0.004888040286433 0.000597343750000 
0.015232072069990 0.008525232609413 0.000973754349360 0.000597343750000 
0.001141894217725 0.017564653783033 0.006235244938748 0.000597343750000 
0.011801482617653 0.001275085210202 0.001980352670521 0.000597343750000 
0.006222630310272 0.015687101363302 0.001426247399017 0.000597343750000 
0.004247179058832 0.013490617208053 0.008294101572509 0.000597343750000 
0.001444029272294 0.015338927684226 0.008831179046664 0.000597343750000 
0.003138503359135 0.000975538974106 0.008541789998713 0.000597343750000 
0.015242729753594 0.015544719692169 0.006756740482140 0.000597343750000 
0.007004915924924 0.005975214263553 0.001601894342582 0.000597343750000 
0.013885191985348 0.013247384514690 0.007032124567798 0.000597343750000 
0.005802963864703 0.011246425807004 0.007949558006980 0.000597343750000 
0.015620263448792 0.005863550333460 0.003130996006513 0.000597343750000 
0.012209727967934 0.007405769770997 0.008017129776807 0.000597343750000 
0.003515880498471 0.010343378023469 0.007973128399953 0.000597343750000 
0.000725329003214 0.005454683528683 0.004782920806766 0.000597343750000 
0.005640852977655 0.002246462440581 0.006553698131681 0.000597343750000 
0.004178571763385 0.006411833570619 0.008080916543555 0.000597343750000 
0.006819572458901 0.002733180419956 0.008778851408987 0.000597343750000 
0.012380415462501 0.010848017799772 0.006665175512461 0.000597343750000 
0.009009398755526 0.009317956546795 0.005958118430486 0.000597343750000 
0.007424065446047 0.013630201252715 0.001244496537752 0.000597343750000 
0.017936267205823 0.007484581505135 0.003325167987985 0.000597343750000 
0.004863095082855 0.007886621755454 0.007274352173833 0.000597343750000 
0.016877574281080 0.010780829670820 0.002412689250168 0.000597343750000 
0.007673509418294 0.004629909013933 0.004842292442604 0.000597343750000 
0.011493477429576 0.007751472716628 0.006157098936715 0.000597343750000 
0.012565132733750 0.003381659559264 0.001905774489110 0.000597343750000 
0.010200730073500 0.013137390965209 0.008005457807167 0.000597343750000 
0.013018598817761 0.012087640653748 0.001641474004709 0.000597343750000 
0.015164175027428 0.004710787383631 0.001542095105887 0.000597343750000 
0.010738086606315 0.011676322522326 0.001768382146326 0.000597343750000 
0.004362671459830 0.010901055822912 0.001848611307153 0.000597343750000 
0.004675000358631 0.018038338835519 0.007899518288882 0.000597343750000 
0.003565188275855 0.003151999265388 0.004291455854168 0.000597343750000 
0.012384728067974 0.013913648403495 0.003657304034639 0.000597343750000 
0.010126773682920 0.008988277147532 0.000874396752946 0.000597343750000 
0.005677506208657 0.006338110665346 0.002099412878945 0.000597343750000 
0.011027081512112 0.015549279277196 0.003291986163553 0.000597343750000 
0.009363845785926 0.011197792673707 0.006811928072941 0.000597343750000 
0.012897447521772 0.006747432453423 0.003309108576755 0.000597343750000 
0.006727680732012 0.018301762676110 0.002065993029035 0.000597343750000 
0.002064250254771 0.005397691377237 0.004000815535638 0.000597343750000 
0.010471000082285 0.015369727617632 0.006348797947720 0.000597343750000 
0.016523173798922 0.016121625931498 0.002098827146484 0.000597343750000 
0.010482374604293 0.000688287411025 0.005981474314015 0.000597343750000 
0.018482829317534 0.016872383825740 0.002191790344025 0.000597343750000 
0.013118193100598 0.008804309819496 0.008644326858123 0.000597343750000 
0.009737655166264 0.009942375679462 0.007456122354722 0.000597343750000 
0.008551225367255 0.010528108705479 0.002895865989101 0.000597343750000 
0.006551701736969 0.009408080810943 0.001477669982756 0.000597343750000 
0.011748626640383 0.015602748034043 0.007883148586026 0.000597343750000 
0.002556242121693 0.013953944974216 0.004229286583453 0.000597343750000 
0.001338869694567 0.010683350217839 0.003364502833376 0.000597343750000 
0.007622094660859 0.011654177560223 0.001018937797985 0.000597343750000 
0.017617951430653 0.001576088698882 0.005580780419746 0.000597343750000 
0.006934771430523 0.012274272479129 0.003389178497790 0.000597343750000 
0.017093574374102 0.008622734872225 0.001916483341270 0.000597343750000 
0.017937202302611 0.003814668847597 0.000853396390511 0.000597343750000 
0.014258020396332 0.017464267058563 0.001294405861485 0.000597343750000 
0.002352248863737 0.007211348721460 0.006678407764335 0.000597343750000 
0.003961743047855 0.006227683896727 0.006341467392028 0.000597343750000 
0.008023560200460 0.017564530421791 0.003455245065873 0.000597343750000 
0.016725551811416 0.004505793556105 0.002619803320867 0.000597343750000 
0.014829730889819 0.002235936535968 0.004594834760904 0.000597343750000 
0.006483286894969 0.003108011895044 0.004265778765140 0.000597343750000 
0.003661814549661 0.006258433218526 0.004313533323747 0.000597343750000 
0.015224082444919 0.007518170018055 0.008278465558714 0.000597343750000 
0.001409351069737 0.007633814888302 0.003718641161564 0.000597343750000 
0.016386230497200 0.001167471952809 0.001329500293080 0.000597343750000 
0.017568304397661 0.004061535970224 0.004664670485124 0.000597343750000 
0.007599661581181 0.014347616691063 0.005970832945377 0.000597343750000 
0.003954269799650 0.000722855846165 0.004649103240206 0.000597343750000 
0.003847175696736 0.012472429829450 0.002854132222960 0.000597343750000 
0.011803345236980 0.014272017095655 0.001999650258793 0.000597343750000 
0.016057459667730 0.001382944458919 0.002920101559179 0.000597343750000 
0.005317684779094 0.010814134038572 0.002915769092695 0.000597343750000 
0.013185465985260 0.007710618325847 0.005666876960986 0.000597343750000 
0.008698454156578 0.013606895034196 0.007598583834743 0.000597343750000 
0.004409416184563 0.002360988589594 0.007833624789145 0.000597343750000 
0.003804454524266 0.003588764639209 0.006623162327077 0.000597343750000 
0.015252152755509 0.004759373770425 0.004479619786133 0.000597343750000 
0.009558750655400 0.009558403136356 0.004124487342081 0.000597343750000 
0.008308653044704 0.003276666557040 0.003934584212950 0.000597343750000 
0.005531078522643 0.015206304419616 0.007461573338773 0.000597343750000 
0.005294393450695 0.013568061490266 0.001872546843255 0.000597343750000 
0.013442821636115 0.018168514863842 0.003508428901309 0.000597343750000 
0.003079642814491 0.001568283440457 0.001302926354580 0.000597343750000 
0.015422540386928 0.003184755111231 0.005934623524323 0.000597343750000 
0.013737926817077 0.018455592722307 0.007592398033094 0.000597343750000 
0.014492704216231 0.000797285170739 0.002757214567750 0.000597343750000 
0.001936386364903 0.002082243048777 0.002512502355301 0.000597343750000 
0.015707571715410 0.014369239542265 0.003703255554946 0.000597343750000 
0.014538989504943 0.002906546883536 0.002595102210164 0.000597343750000 
0.007743851365123 0.014182095663102 0.003648435543350 0.000597343750000 
0.013279147827690 0.002177619629329 0.007253221968205 0.000597343750000 
0.007314015823042 0.009616239612628 0.007381051926370 0.000597343750000 
0.006985915352058 0.017804859342752 0.007860134481338 0.000597343750000 
0.006901226225452 0.010462543394167 0.004738750491306 0.000597343750000 
0.005008219481951 0.011388307963497 0.000669110690778 0.000597343750000 
0.013066669593237 0.001762042591489 0.005173270989582 0.000597343750000 
0.001154555174151 0.015844006974803 0.005586682201702 0.000597343750000 
0.014153888255339 0.001439420867155 0.001181973760839 0.000597343750000 
0.008083101729762 0.003952335993118 0.002669015467865 0.000597343750000 
0.009811215908821 0.016665974720583 0.007234680053910 0.000597343750000 
0.003186523281882 0.012899400678012 0.005869447398713 0.000597343750000 
0.014437258028695 0.006287010316182 0.004199881107881 0.000597343750000 
0.010887233286982 0.004172414489186 0.003977193501707 0.000597343750000 
0.000833330227683 0.002225449553321 0.006811846826072 0.000597343750000 
0.015762978042646 0.012027559807927 0.008178957908355 0.000597343750000 
0.007628396060362 0.011624271392455 0.006347632276708 0.000597343750000 
0.001125061753981 0.013824793190474 0.004547308422279 0.000597343750000 
0.013743257575743 0.007408953132866 0.001474319418461 0.000597343750000 
0.009360401846821 0.005348198153200 0.004544476276186 0.000597343750000 
0.002043886496417 0.014765639560182 0.002458606990121 0.000597343750000 
0.013835610407432 0.004970240815441 0.005041204526627 0.000597343750000 
0.016059852027322 0.017136932333089 0.004397539185365 0.000597343750000 
0.017954699663049 0.002663146516646 0.007036465851894 0.000597343750000 
0.010887433179266 0.011026079449999 0.008723755639880 0.000597343750000 
0.010404651857157 0.013079140818034 0.004977710490384 0.000597343750000 
0.014500474762279 0.009602112742880 0.007858504658115 0.000597343750000 
0.005413775375834 0.011418858276537 0.004299811465318 0.000597343750000 
0.010231603207785 0.003753441181078 0.006440294240439 0.000597343750000 
0.013209285606814 0.003561531698162 0.003281160141693 0.000597343750000 
0.006975285973865 0.013524496013166 0.002715572138626 0.000597343750000 
0.016760106777165 0.012513410533948 0.001842453594374 0.000597343750000 
0.003410139051752 0.009041575587004 0.002964098747598 0.000597343750000 
0.002561499589432 0.015153014178328 0.006294419278746 0.000597343750000 
0.015330682304628 0.017547482051258 0.007331175184803 0.000597343750000 
0.001511039518911 0.011487447910622 0.008531578653861 0.000597343750000 
0.011720280818707 0.017947445929699 0.004030312352189 0.000597343750000 
0.017580890449026 0.007248345896768 0.008887565723086 0.000597343750000 
0.017281166186426 0.005225839599947 0.005488988106634 0.000597343750000 
0.010794184910613 0.016829291024499 0.002570480247569 0.000597343750000 
0.007293623200331 0.008535879690607 0.005746081166465 0.000597343750000 
0.003164563574033 0.006924482489051 0.003073924363882 0.000597343750000 
0.014782602204866 0.013096785828304 0.004874175308168 0.000597343750000 
0.013156450911226 0.008162093398794 0.003223139520636 0.000597343750000 
0.018043392651228 0.008448611456682 0.004996784282433 0.000597343750000 
0.005634327058439 0.015433777924765 0.003762737586941 0.000597343750000 
0.013516731376860 0.005043399053451 0.001706840061449 0.000597343750000 
0.012724239579724 0.009199022891760 0.005718359865086 0.000597343750000 
0.004033517375074 0.010768233799164 0.003471103952237 0.000597343750000 
0.018156212754638 0.009866268865212 0.007070488894443 0.000597343750000 
0.003064377788702 0.008617324277512 0.008013363773536 0.000597343750000 
0.010025509374466 0.004841594442098 0.008767194244719 0.000597343750000 
0.017934346531252 0.005461387523559 0.004275887199930 0.000597343750000 
0.014806690748736 0.011203547373509 0.001228759218731 0.000597343750000 
0.002522271877326 0.011245014468861 0.001028983576427 0.000597343750000 
0.014039675025169 0.016680031334513 0.002740763670516 0.000597343750000 
0.016936760589763 0.017245208765805 0.002846988065454 0.000597343750000 
0.017351269410091 0.002733369820955 0.001908248397555 0.000597343750000 
0.007607005330137 0.001114998053219 0.004355613364270 0.000597343750000 
0.014140813915925 0.010517562983790 0.005437853582851 0.000597343750000 
0.008182987188462 0.002918338044866 0.007755898111906 0.000597343750000 
0.013698571317932 0.014068946777445 0.002694008139446 0.000597343750000 
0.004566689727263 0.004111459097053 0.005532444625617 0.000597343750000 
0.006695740363329 0.004075102565452 0.003062896985106 0.000597343750000 
0.010061766429195 0.008603273445028 0.002216328538401 0.000597343750000 
0.005206691826983 0.006530215889772 0.006893596153815 0.000597343750000 
0.018203036699302 0.011922440105445 0.006116430177106 0.000597343750000 
0.005657856692154 0.001197280903038 0.004385528177021 0.000597343750000 
0.011553893925515 0.002555372538514 0.002875006065389 0.000597343750000 
0.016072901224232 0.011397498967195 0.003516368065326 0.000597343750000 
0.001354711874072 0.011209131068015 0.005031629607993 0.000597343750000 
0.014208686481001 0.017698715036944 0.005855472596617 0.000597343750000 
0.003091969330414 0.003865339822700 0.005435133151235 0.000597343750000 
0.011449825409967 0.009181664545925 0.002866923168118 0.000597343750000 
0.005010026108671 0.005584914808106 0.008940752312325 0.000597343750000 
0.015802416892866 0.008308523937749 0.004667989943624 0.000597343750000 
0.002758479763723 0.007212868727701 0.008583617608401 0.000597343750000 
0.002858366866909 0.005627710914420 0.001716592614775 0.000597343750000 
0.015627529216000 0.010653679779090 0.006469188081262 0.000597343750000 
0.014885366036918 0.017896985998953 0.003339578415624 0.000597343750000 
0.014704951547723 0.013946134186460 0.006168340639788 0.000597343750000 
0.001670035849106 0.003804543108416 0.005840775525606 0.000597343750000 
0.004271464389368 0.013984642758181 0.005212174898597 0.000597343750000 
0.000655120099348 0.007701850636368 0.002018244034616 0.000597343750000 
0.014091827643593 0.016092511840604 0.005913369600134 0.000597343750000 
0.010940939810583 0.014796109225451 0.008911802485860 0.000597343750000 
0.003925384790532 0.004724688172689 0.001658903526063 0.000597343750000 
0.016898761999840 0.016212161422965 0.005863976939236 0.000597343750000 
0.009673785770255 0.012212064079699 0.003253013931517 0.000597343750000 
0.015168436955587 0.014154151509587 0.002418775451277 0.000597343750000 
0.016973597395672 0.015164786403249 0.008663980407311 0.000597343750000 
0.009079954807446 0.002821991199592 0.002662763180818 0.000597343750000 
0.012622739802577 0.013879123254562 0.008707440209159 0.000597343750000 
0.007898326025882 0.012985080084451 0.005685750387889 0.000597343750000 
0.007169075309595 0.005043201989240 0.008762901212254 0.000597343750000 
0.001643189458463 0.018404177807931 0.001376776109477 0.000597343750000 
0.018292403758995 0.015703751072509 0.008533578450120 0.000597343750000 
0.006735798654910 0.003056116376025 0.005626335350637 0.000597343750000 
0.002760321368968 0.011772873978353 0.006985436517350 0.000597343750000 
0.007424344886006 0.001613401862174 0.001982868334697 0.000597343750000 
0.018426684220924 0.017755967094010 0.003382810786589 0.000597343750000 
0.011002227769244 0.010120823473554 0.006711598334910 0.000597343750000 
0.012868089187366 0.010019874953699 0.002248582190169 0.000597343750000 
0.003419438447449 0.009720330792359 0.006613014162426 0.000597343750000 
0.010392161932660 0.012155475376696 0.006363731021138 0.000597343750000 
0.009000629028886 0.017789491794131 0.008163871824945 0.000597343750000 
0.007172202691724 0.017999716712708 0.005841203428126 0.000597343750000 
0.011524413935152 0.017422074328745 0.005371301592363 0.000597343750000 
0.017096619386458 0.009544665646841 0.008329357788435 0.000597343750000 
0.014707294862737 0.007919103532270 0.005812198899942 0.000597343750000 
0.008387006413024 0.017463364207390 0.004895391568414 0.000597343750000 
0.003681473466641 0.015088408958382 0.001191497049814 0.000597343750000 
0.014171441541521 0.014737209016885 0.008270902318337 0.000597343750000 
0.012358775230257 0.016170835833928 0.004420047006263 0.000597343750000 
0.013384280924593 0.011767289172094 0.005253963491770 0.000597343750000 
0.001081399566072 0.012916242065319 0.000784328199408 0.000597343750000 
0.002071863288509 0.008029462441084 0.001340526280532 0.000597343750000 
0.014681515530670 0.004953994996648 0.008831046547788 0.000597343750000 
0.010199320529934 0.007711364223540 0.004786228640630 0.000597343750000 
0.013728613102539 0.000864915421216 0.008579664983560 0.000597343750000 
0.010005790565501 0.012706876232125 0.001094985320833 0.000597343750000 
0.010776558155054 0.010340031783998 0.003835892950549 0.000597343750000 
0.012204144211219 0.008068617447301 0.001805266064731 0.000597343750000 
0.015387264224959 0.009398393192909 0.005511112299782 0.000597343750000 
0.011642498430278 0.009284216505645 0.004274833383420 0.000597343750000 
0.009204070340534 0.018510350904631 0.003907733878332 0.000597343750000 
0.014461211069465 0.004144851200039 0.006772323962541 0.000597343750000 
0.013812993685462 0.011825075012646 0.008568097047177 0.000597343750000 
0.003788589521667 0.016986397044488 0.006654000860026 0.000597343750000 
0.000757885098260 0.003709096412051 0.003007125042521 0.000597343750000 
0.016227753327646 0.005825351450986 0.008529613915831 0.000597343750000 
0.003584306753181 0.007661172886125 0.000625645353660 0.000597343750000 
0.001022975087665 0.000992476608840 0.002380283071483 0.000597343750000 
0.008048740372643 0.014837621424800 0.007305870694722 0.000597343750000 
0.015555429427241 0.009799174168940 0.002281628324515 0.000597343750000 
0.005912216433194 0.017352628683270 0.005639868161913 0.000597343750000 
0.007716758923684 0.009569060322532 0.002303720382961 0.000597343750000 
0.002743257774606 0.009649041967047 0.004929723169904 0.000597343750000 
0.009199530799156 0.004529779083755 0.005746202879840 0.000597343750000 
0.004408881211668 0.011488357686029 0.007311502436847 0.000597343750000 
0.001215422078060 0.009788552211450 0.001207701111506 0.000597343750000 
0.011644308019286 0.010361766442053 0.000826299388366 0.000597343750000 
0.007606392266741 0.001251543723562 0.006327721439476 0.000597343750000 
0.011802534089047 0.012694589413984 0.006728439358028 0.000597343750000 
0.001120200218502 0.000816607710622 0.007585974946425 0.000597343750000 
0.007702042723746 0.017033575279613 0.001743461390537 0.000597343750000 
0.012441683079269 0.010811050216084 0.003422085235491 0.000597343750000 
0.011463832509801 0.003536313875664 0.000855627436838 0.000597343750000 
0.006237864577637 0.011105885263191 0.006559925357827 0.000597343750000 
0.008233892226524 0.007999287195320 0.001658624984915 0.000597343750000 
0.006700896949375 0.007526780623630 0.002073067271282 0.000597343750000 
0.003380397604874 0.005402226658324 0.003248892858458 0.000597343750000 
0.004356637319066 0.000834971649576 0.007921647922620 0.000597343750000 
0.010008997782646 0.001351305067210 0.002052831578089 0.000597343750000 
0.012094061840941 0.016106081004533 0.001412419471202 0.000597343750000 
0.000643923722713 0.012804160790331 0.003388149169111 0.000597343750000 
0.005854128460727 0.013241489104986 0.003583876853309 0.000597343750000 
0.010750793099934 0.006362327530659 0.002848457537278 0.000597343750000 
0.016139163057925 0.010602415512405 0.008313152437010 0.000597343750000 
0.018091788105092 0.009712792294309 0.001104405904274 0.000597343750000 
0.002674618100231 0.004738477361358 0.006781565185462 0.000597343750000 
0.017268534366536 0.001250354434765 0.008791789840162 0.000597343750000 
0.006930858996680 0.013162189164610 0.007051237783359 0.000597343750000 
0.003486633063247 0.002287612385250 0.006276166116862 0.000597343750000 
0.000615675387337 0.016194538286252 0.003997926583848 0.000597343750000 
0.014490363133744 0.007650787950749 0.003476818976443 0.000597343750000 
0.004601663115203 0.010583631229014 0.006098961891143 0.000597343750000 
0.014759371774780 0.009494067030119 0.003699105111553 0.000597343750000 
0.006477092298299 0.014049251708144 0.008208211553647 0.000597343750000 
0.006572402050431 0.002153219833605 0.003082322824614 0.000597343750000 
0.007954167182352 0.015420585559231 0.002178211841574 0.000597343750000 
0.014830258629341 0.014953563281979 0.000651537665049 0.000597343750000 
0.003934221676522 0.013943952501986 0.001942777180573 0.000597343750000 
0.014059299884503 0.014613879301757 0.003932869374681 0.000597343750000 
0.018269156688297 0.016295557036658 0.006024214468360 0.000597343750000 
0.000613918057148 0.017769468706632 0.007986860755376 0.000597343750000 
0.002400059961797 0.017885487152031 0.008822815236524 0.000597343750000 
0.014582416242308 0.013181632618740 0.001483604191254 0.000597343750000 
0.009037565163492 0.001028445260033 0.007516562435605 0.000597343750000 
0.005187196286449 0.005353659113730 0.004219762605533 0.000597343750000 
0.008866813678079 0.016748397989997 0.001039015197729 0.000597343750000 
0.004063809557593 0.018347771109811 0.002849995987390 0.000597343750000 
0.008898391811539 0.013342870489888 0.003039238724653 0.000597343750000 
0.013459257157129 0.013541966490877 0.005403197848820 0.000597343750000 
0.017038936429516 0.017939656475666 0.001624571672822 0.000597343750000 
0.004662107541493 0.002349681045681 0.004970284496022 0.000597343750000 
0.007975788650046 0.006027037452161 0.004891805013626 0.000597343750000 
0.010932554482540 0.000684672390355 0.002893834411003 0.000597343750000 
0.016732597700276 0.017582484217032 0.008425080118325 0.000597343750000 
0.018456575760547 0.016131984516382 0.004563047843696 0.000597343750000 
0.011259218071259 0.011084372092698 0.005550820045377 0.000597343750000 
0.001637425762498 0.006276179860335 0.002555718877084 0.000597343750000 
0.015825075357282 0.012952102376334 0.007053019016688 0.000597343750000 
0.013008222816324 0.014821534796104 0.006390895816244 0.000597343750000 
0.014897539882326 0.002516289974048 0.008304508453171 0.000597343750000 
0.002549344100146 0.017452071356816 0.002691731606072 0.000597343750000 
0.000779342289586 0.017142598258230 0.002811292954266 0.000597343750000 
0.016341682169271 0.013168810932503 0.005667781771856 0.000597343750000 
0.015444587981078 0.017910087023802 0.008860628682499 0.000597343750000 
0.006466243978621 0.016837441562549 0.000638232579473 0.000597343750000 
0.011190339235082 0.012992289897928 0.002078196661407 0.000597343750000 
0.009057872438902 0.011031052381105 0.004859259021901 0.000597343750000 
0.012157350737524 0.009752713445133 0.007755314028213 0.000597343750000 
0.018460333297506 0.001907287165391 0.002715665085602 0.000597343750000 
0.007768994386835 0.005841939193156 0.003254813196945 0.000597343750000 
0.002190252799483 0.006186604110211 0.005708500940091 0.000597343750000 
0.012235308523275 0.007856969257981 0.004647549629299 0.000597343750000 
0.018515456432910 0.012649997829646 0.008747260466662 0.000597343750000 
0.016519238913630 0.013496173794468 0.008288453373559 0.000597343750000 
0.009451362800951 0.017925779145649 0.005778180984708 0.000597343750000 
0.017019093414037 0.017921855532723 0.007063846131329 0.000597343750000 
0.002207620468736 0.003817080479915 0.004095110186448 0.000597343750000 
0.011092681900586 0.014418139484952 0.004206871412731 0.000597343750000 
0.016496591695860 0.006977302354390 0.007201921242722 0.000597343750000 
0.014442491955300 0.006305556598980 0.006604156484870 0.000597343750000 
0.007377671223428 0.007813553712771 0.004292360619969 0.000597343750000 
0.014910696914629 0.012821076945847 0.003255240482773 0.000597343750000 
0.017200490788316 0.005527379429136 0.007599152236821 0.000597343750000 
0.000891954874619 0.002208677121754 0.008247615199175 0.000597343750000 
0.009697907515088 0.003954487531367 0.003282460319237 0.000597343750000 
0.007145578378243 0.006604147942640 0.008826702972495 0.000597343750000 
0.016947734227418 0.011314703998431 0.000748720653980 0.000597343750000 
0.012582841204318 0.015327887880719 0.002683976269544 0.000597343750000 
0.012126843296203 0.018509032811653 0.007187265710602 0.000597343750000 
0.014679366423651 0.002713096167303 0.000621078108978 0.000597343750000 
0.000609479863205 0.007838911114188 0.008412584719845 0.000597343750000 
0.015776160995970 0.008865800022145 0.008627244903682 0.000597343750000 
0.011600244633574 0.016742276905254 0.006731581405024 0.000597343750000 
0.013369688763474 0.005099723543279 0.006690165908906 0.000597343750000 
0.008843542598327 0.015798056294162 0.008877337221264 0.000597343750000 
0.006639558935233 0.014016638751349 0.004536898450829 0.000597343750000 
0.011403035769290 0.017061816275401 0.008269957691931 0.000597343750000 
0.013999654504128 0.006160586803095 0.008029218053182 0.000597343750000 
0.006902747331907 0.007082213177773 0.005724552508005 0.000597343750000 
0.003981540122568 0.003617891308974 0.000639351995144 0.000597343750000 
0.011559831688894 0.000649802752861 0.008553551742334 0.000597343750000 
0.018386674935180 0.018466751972670 0.002107927163677 0.000597343750000 
0.003506214914903 0.003115827385118 0.002161804127121 0.000597343750000 
0.004334769684092 0.001952095374276 0.002388236622964 0.000597343750000 
0.014149082533511 0.015403824580280 0.001837062694539 0.000597343750000 
0.008281328600015 0.017021396544625 0.006675608829835 0.000597343750000 
0.018381565600281 0.014449827907337 0.000964818420425 0.000597343750000 
0.010477908813912 0.016086261610153 0.004616767815104 0.000597343750000 
0.012537420967241 0.002033617457357 0.000923997841447 0.000597343750000 
0.006571742721840 0.003104499306681 0.001522492055154 0.000597343750000 
0.009551274637607 0.018064977907179 0.001172873721508 0.000597343750000 
0.016484438861476 0.003473106301250 0.008465762179476 0.000597343750000 
0.011052551876477 0.005102691956812 0.006613838988099 0.000597343750000 
0.018293004464340 0.005510387252442 0.008576600855771 0.000597343750000 
0.013917051631579 0.016473377632809 0.004332862044612 0.000597343750000 
0.005018026006660 0.015967517491608 0.008731273314125 0.000597343750000 
0.001333122347943 0.000752257086607 0.004228140922386 0.000597343750000 
0.010133259737115 0.018101064677194 0.007015269275689 0.000597343750000 
0.011139107268435 0.007768655748344 0.003057879895822 0.000597343750000 
0.005727887853213 0.017170584471357 0.008943220923155 0.000597343750000 
0.016799916632475 0.015652358511172 0.004146217365557 0.000597343750000 
0.008803590652161 0.010964021048047 0.008322664517307 0.000597343750000 
0.003038926490141 0.003709767856352 0.008880100412658 0.000597343750000 
0.000788153884962 0.018374038142939 0.004106977870792 0.000597343750000 
0.004058337652576 0.016074651867716 0.003349163877057 0.000597343750000 
0.003185292301595 0.013317447131479 0.007311774442890 0.000597343750000 
0.001010291479357 0.005846012460396 0.007913900322361 0.000597343750000 
0.017105818748481 0.015617959342827 0.007096171142522 0.000597343750000 
0.010810328605977 0.013996936158504 0.006562813632607 0.000597343750000 
0.001713366532723 0.004680464598123 0.008402851933207 0.000597343750000 
0.018322352956025 0.016170276859329 0.000786755374081 0.000597343750000 
0.005844435649919 0.001624515443932 0.000936545930849 0.000597343750000 
0.000673815689377 0.002800450114644 0.001063091862622 0.000597343750000 
0.016914858126614 0.009327459870530 0.004960283486732 0.000597343750000 
0.008094511214378 0.015558104101431 0.004221917671151 0.000597343750000 
0.016903626275519 0.006540283710910 0.004472957214913 0.000597343750000 
0.004627950028057 0.011772326696618 0.008659821009775 0.000597343750000 
0.010965915432387 0.016845573946223 0.001085727639160 0.000597343750000 
0.002215621194330 0.014686937307290 0.000629359232062 0.000597343750000 
0.013930613752770 0.006270164518536 0.002416072261676 0.000597343750000 
0.002317426982325 0.002889216304452 0.001226965309440 0.000597343750000 
0.005238516283448 0.016565035474010 0.006870838039121 0.000597343750000 
0.017836623294996 0.003727536375842 0.008130496145206 0.000597343750000 
0.016265723672929 0.018434925525844 0.005150259825015 0.000597343750000 
0.007186583291798 0.011079662603267 0.002420382647231 0.000597343750000 
0.003989920837147 0.014469267435676 0.003366100282868 0.000597343750000 
0.010466242512447 0.006560388854236 0.005600038795370 0.000597343750000 
0.001069276897012 0.011340681825866 0.006680222178374 0.000597343750000 
0.001306688142584 0.002379385979116 0.003987007460300 0.000597343750000 
0.016031085240430 0.009316857663729 0.006760645169348 0.000597343750000 
0.016106229493786 0.002558926780202 0.001038125569214 0.000597343750000 
0.003502856925112 0.015220185380411 0.008252988429929 0.000597343750000 
0.013726699866008 0.008865477333870 0.004753628924723 0.000597343750000 
0.010333792225676 0.017552568642104 0.004485699631860 0.000597343750000 
0.001945356796012 0.017172905521798 0.004847851348230 0.000597343750000 
0.018080538387652 0.006910807818244 0.001525584980072 0.000597343750000 
0.004387658598815 0.015758933097371 0.004697418322530 0.000597343750000 
0.004509678044054 0.012487754024430 0.004267201850483 0.000597343750000 
0.006045948198366 0.007557825248389 0.000859833943803 0.000597343750000 
0.009189650165134 0.017246592776637 0.002674223056751 0.000597343750000 
0.018438045789518 0.001705447924564 0.001154206034169 0.000597343750000 
0.001519849740228 0.014194674688630 0.006121215560257 0.000597343750000 
0.009768907033030 0.006745668650866 0.008514672179566 0.000597343750000 
0.005031909009131 0.009220781547327 0.001839647591473 0.000597343750000 
0.015207010550886 0.016459927594824 0.003432356167645 0.000597343750000 
0.017503709805309 0.012723385702440 0.000628033183321 0.000597343750000 
0.004910108575126 0.018414784295996 0.000614595790332 0.000597343750000 
0.001280062875317 0.007902132253049 0.005836341762178 0.000597343750000 
0.006001816201320 0.007258083955340 0.003587402837458 0.000597343750000 
0.007168750821422 0.001599132440813 0.007902946398847 0.000597343750000 
0.001265514296237 0.004491074274345 0.000899512017564 0.000597343750000 
0.017568876912109 0.015100075055856 0.005315529258471 0.000597343750000 
0.001287851898797 0.005049506391248 0.006646006328047 0.000597343750000 
0.001482833155332 0.009245633249301 0.003087906879063 0.000597343750000 
0.009059262824761 0.004979662864088 0.002174644488319 0.000597343750000 
0.004866533798543 0.007697176795533 0.004652828598915 0.000597343750000 
0.013166926749042 0.000729674779273 0.001875817338824 0.000597343750000 
0.009517202709193 0.014984967648824 0.007981506628820 0.000597343750000 
0.017869032704842 0.002972115948417 0.005564051337034 0.000597343750000 
0.017784570452930 0.014033878376241 0.008084596102392 0.000597343750000 
0.008153321885612 0.003994984305885 0.006757200620896 0.000597343750000 
0.012846765116732 0.018386911711491 0.005562775009387 0.000597343750000 
0.011459829583963 0.012495959739053 0.003535530719531 0.000597343750000 
0.015623553688686 0.016436355158819 0.000771823699110 0.000597343750000 
0.016088439654464 0.003546346603639 0.003954732507908 0.000597343750000 
0.004811396042117 0.007425764896269 0.008804150147646 0.000597343750000 
0.009327780178278 0.008997559737467 0.008420771534029 0.000597343750000 
0.001157796556517 0.006763651305643 0.000944455808606 0.000597343750000 
0.006878225056256 0.016925293964886 0.003027996892201 0.000597343750000 
0.008083132285826 0.015577691340330 0.000669639664807 0.000597343750000 
0.017411032162801 0.011515998234026 0.008893104920042 0.000597343750000 
0.011759522894192 0.012107362380320 0.008625529017722 0.000597343750000 
0.006124873275781 0.000838060906664 0.008505109842027 0.000597343750000 
0.000713697626526 0.008994071327708 0.007381746157527 0.000597343750000 
0.012714101742294 0.005478117644804 0.004115794656657 0.000597343750000 
0.015198189180167 0.008374049402845 0.002483683737229 0.000597343750000 
0.011657957994867 0.003073146630146 0.006565412253428 0.000597343750000 
0.011225595385829 0.005495945967745 0.004614951230912 0.000597343750000 
0.016934721549196 0.018378407425856 0.003933424707678 0.000597343750000 
0.017721637319192 0.014298186433192 0.003756591723968 0.000597343750000 
0.008975786420434 0.010049509932668 0.000656500864190 0.000597343750000 
0.015812137338047 0.018344792793340 0.000734896941577 0.000597343750000 
0.000900325857186 0.011535169920135 0.002362154496992 0.000597343750000 
0.014344490119253 0.001741228160402 0.005954317155315 0.000597343750000 
0.008928277901998 0.012430443659268 0.008368138981306 0.000597343750000 
0.010307770329774 0.010828506343298 0.000708875122865 0.000597343750000 
0.017058141539439 0.014033133806140 0.001335763058707 0.000597343750000 
0.007646832636947 0.011616524859103 0.004613183751862 0.000597343750000 
0.008777389935970 0.002397619684070 0.005768899360559 0.000597343750000 
0.010066132565430 0.015000160477584 0.001164533265231 0.000597343750000 
0.014088733345879 0.007561340618578 0.007489843677181 0.000597343750000 
0.012501843514977 0.013217463485418 0.000979103349286 0.000597343750000 
0.017563447522823 0.011100993446506 0.004141053783920 0.000597343750000 
0.002991273570736 0.016515437539064 0.008297545532853 0.000597343750000 
0.005491200975718 0.004930262441425 0.002463997593745 0.000597343750000 
0.013243667992742 0.009142166430212 0.000672076302033 0.000597343750000 
0.005856574956063 0.010068181753716 0.005707421945768 0.000597343750000 
0.012649916048380 0.001492470217352 0.003433218506483 0.000597343750000 
0.008500050083609 0.001632317026351 0.008784958576316 0.000597343750000 
0.005112019467963 0.000612397501464 0.006454970466375 0.000597343750000 
0.003181735720161 0.001245559670498 0.003392348661468 0.000597343750000 
0.018516194874098 0.009420971341429 0.002664443364430 0.000597343750000 
0.003260257437034 0.016089383789910 0.005425047740945 0.000597343750000 
0.012977127612878 0.014621335554014 0.001023795888195 0.000597343750000 
0.008346876241753 0.006354929240944 0.001569661023326 0.000597343750000 
0.013926548819359 0.010652149170615 0.003645450106589 0.000597343750000 
0.011282061365201 0.002056329461672 0.004987914102050 0.000597343750000 
0.014798148335072 0.014954680295611 0.005156050263385 0.000597343750000 
0.015674465566528 0.010486327774952 0.004581153560037 0.000597343750000 
0.006991518002027 0.017554517214763 0.004503782651823 0.000597343750000 
0.006057581070595 0.014115187896960 0.000812414170165 0.000597343750000 
0.018229697948333 0.012217364507004 0.001740119709413 0.000597343750000 
0.013503764690404 0.008853781407157 0.006972942097003 0.000597343750000 
0.010687071543191 0.002061497323934 0.008506000190760 0.000597343750000 
0.015382889625359 0.001289908829183 0.008770423129326 0.000597343750000 
0.007841385930360 0.012439419511583 0.002310518630029 0.000597343750000 
0.010337812881845 0.006756254679501 0.000628662509777 0.000597343750000 
0.018375488621822 0.002658282159616 0.004099833089719 0.000597343750000 
0.013073649394431 0.011941694074253 0.007410087111019 0.000597343750000 
0.002774191534596 0.018207897359288 0.005935207109125 0.000597343750000 
0.005678817200583 0.012271005096938 0.002495832826564 0.000597343750000 
0.012395153998673 0.017184234413100 0.002514683899577 0.000597343750000 
0.018313312293956 0.018272489336357 0.007841432993120 0.000597343750000 
0.012207345041913 0.002240851977427 0.008921345360622 0.000597343750000 
0.015944226295030 0.004083881941901 0.007056121168246 0.000597343750000 
0.007868740863886 0.008261047774053 0.006998146153255 0.000597343750000 
0.008559771473552 0.006163183684889 0.008861666417129 0.000597343750000 
0.018080266615283 0.002455152635995 0.008866026088920 0.000597343750000 
0.015918292932821 0.000937360991812 0.004699504647362 0.000597343750000 
0.007123697315577 0.015517204534190 0.005272158260753 0.000597343750000 
0.008388541616702 0.000923589426866 0.000639462831048 0.000597343750000 
0.018012031352155 0.000715321622184 0.003277680724279 0.000597343750000 
0.003089965216094 0.018154809147584 0.007506039978975 0.000597343750000 
0.008911884368174 0.000719166774409 0.005004675732314 0.000597343750000 
0.000852668420096 0.006316064845492 0.003685221869510 0.000597343750000 
0.002950655186661 0.018477258586466 0.004094390025328 0.000597343750000 
0.004941531363832 0.005935998084806 0.000832877435477 0.000597343750000 
0.016263468344325 0.014778785618134 0.005923904582482 0.000597343750000 
0.011152456189797 0.006021443710485 0.008919963452899 0.000597343750000 
0.016368509677917 0.013212762779242 0.003090115397233 0.000597343750000 
0.018205104726502 0.008726906546245 0.008508140460693 0.000597343750000 
0.018065698454634 0.004750195110500 0.001977636160320 0.000597343750000 
0.014407217639785 0.005715889261951 0.000781309765997 0.000597343750000 
0.005683146904909 0.012680455736086 0.008272383781797 0.000597343750000 
0.010176013628464 0.004406276693472 0.001545102448247 0.000597343750000 
0.004371737776890 0.012923569751512 0.000635159024059 0.000597343750000 
0.004079198194366 0.009064236239352 0.000760844734495 0.000597343750000 
0.017744854625542 0.006719225120677 0.005594981900800 0.000597343750000 
0.003308394380579 0.012242444026138 0.008898958906708 0.000597343750000 
0.013479136531894 0.004360574780175 0.007908523537807 0.000597343750000 
0.013827710875297 0.000868113694999 0.004132545007694 0.000597343750000 
0.007234655273850 0.011687110355488 0.007852831693368 0.000597343750000 
0.003934356604193 0.011360455884360 0.005061191003678 0.000597343750000 
0.005807141836741 0.004296410232802 0.008879475447388 0.000597343750000 
0.001176425743524 0.009202809704082 0.005083613737422 0.000597343750000 
0.006852393103964 0.000601214228281 0.000786289943235 0.000597343750000 
0.004991182256238 0.000623019045615 0.003122068402563 0.000597343750000 
0.018163772977508 0.003556508795954 0.002966990046662 0.000597343750000 
0.013353939037414 0.000800024576188 0.006763019576320 0.000597343750000 
0.004318329230288 0.004726487323232 0.007590561867494 0.000597343750000 
0.005977808404618 0.005967530501457 0.007935721477199 0.000597343750000 
0.007216762210168 0.018494695584508 0.000686408196829 0.000597343750000 
0.009010399140720 0.013730233526888 0.005147671708290 0.000597343750000 
0.006992416747170 0.002703751926356 0.007051340336172 0.000597343750000 
0.016702238518393 0.011753549452843 0.006287131207750 0.000597343750000 
0.009505427535397 0.002822123206850 0.008615716165801 0.000597343750000 
0.012861945716585 0.018356101859114 0.008850039814785 0.000597343750000 
0.000864746492870 0.000851945374892 0.005755057683769 0.000597343750000 
0.004029168494130 0.016757600674763 0.000639082900462 0.000597343750000 
0.012015532366559 0.005561272272575 0.002715935862862 0.000597343750000 
0.010079858352843 0.016848728639386 0.008917160768810 0.000597343750000 
0.003004704257464 0.012190245876261 0.004314822916544 0.000597343750000 
0.003070225835064 0.005579510585753 0.007946155393930 0.000597343750000 
0.017678923759349 0.010507556862739 0.005908164223802 0.000597343750000 
0.005734865375209 0.008914617972106 0.008581082429067 0.000597343750000 
0.001196970067947 0.014132947531941 0.007834625322416 0.000597343750000 
0.014262613251682 0.004996389220695 0.003091875703479 0.000597343750000 
0.007790378949111 0.009539749496932 0.008788642536665 0.000597343750000 
0.011859181699889 0.001148553434013 0.006035370731067 0.000597343750000 
0.006416170493981 0.012568525224622 0.000691730871475 0.000597343750000 
0.015574617928436 0.016887334252872 0.005717787397034 0.000597343750000 
0.000732331483383 0.014289618877184 0.002293930998240 0.000597343750000 
0.011546320789883 0.007835261137002 0.000599499415372 0.000597343750000 
0.015738511980285 0.018261320752695 0.002314086381852 0.000597343750000 
0.004232946508427 0.009039871510029 0.008828752756255 0.000597343750000 
0.011856512005132 0.012362028545564 0.004847889558759 0.000597343750000 
0.006185633617426 0.014621837111258 0.002413576547406 0.000597343750000 
0.007911604571905 0.005394419104611 0.006628206638904 0.000597343750000 
0.004480286260059 0.001153111579792 0.000799049557555 0.000597343750000 
0.014355007569053 0.018251150517956 0.004564909670035 0.000597343750000 
0.014193592510828 0.009511977903791 0.002223535024184 0.000597343750000 
0.010849162030031 0.018328563915513 0.003037883655888 0.000597343750000 
0.018435137668807 0.005606936056645 0.006530981511290 0.000597343750000 
0.009214182699725 0.012883434674762 0.006523181358413 0.000597343750000 
0.015057113719997 0.013566769243751 0.008874498277223 0.000597343750000 
0.008696097307983 0.008669958795032 0.003163111407750 0.000597343750000 
0.012062622213239 0.011681499454871 0.000721265653999 0.000597343750000 
0.007259642879093 0.010825876220617 0.008943726808206 0.000597343750000 
0.012286249997443 0.005135616259957 0.008924857733923 0.000597343750000 
0.012752440700146 0.017358699440551 0.007663311600807 0.000597343750000 
0.011106411939474 0.008149341942291 0.008953842567479 0.000597343750000 
0.000874818843658 0.003796149816397 0.007251961637268 0.000597343750000 
0.010119667285420 0.008376535332420 0.005991923500513 0.000597343750000 
0.014039282117368 0.016248266907000 0.007427308372329 0.000597343750000 
0.011686390282723 0.015579216679576 0.005504513137761 0.000597343750000 
0.016083394792470 0.007355634291524 0.003695355329632 0.000597343750000 
0.018145141038662 0.016867479272253 0.007680670315462 0.000597343750000 
0.011105164399372 0.003599695427345 0.005362871643210 0.000597343750000 
0.016540601975436 0.004193046562154 0.001022936866489 0.000597343750000 
0.013711199968052 0.003678129816670 0.000824508544719 0.000597343750000 
0.007826898673576 0.016699162044925 0.008476002087135 0.000597343750000 
0.004223787913571 0.007611759957854 0.005917398210448 0.000597343750000 
0.015698505681776 0.013367073949085 0.000614836561619 0.000597343750000 
0.008354270590665 0.018402011382439 0.002393133177707 0.000597343750000 
0.014150519204984 0.003560631704600 0.005302945816444 0.000597343750000 
0.008836526284664 0.014345702489500 0.001989114553393 0.000597343750000 
0.012952671120422 0.010790073202429 0.008920687829233 0.000597343750000 
0.015548541566139 0.011890009845751 0.002291258381389 0.000597343750000 
0.015791246540832 0.004698281789824 0.005795717509744 0.000597343750000 
0.001341643577512 0.001200245951249 0.000976949877068 0.000597343750000 
0.012466189863457 0.006400706844501 0.006374189956411 0.000597343750000 
0.000627112458001 0.014311244411419 0.000698628580283 0.000597343750000 
0.000598561669106 0.003675131108911 0.008693807324979 0.000597343750000 
0.006709300365108 0.004358285910615 0.000976713822477 0.000597343750000 
0.009388793767698 0.015911371546242 0.002160473143903 0.000597343750000 
0.001482958483697 0.016874857705770 0.008584709814813 0.000597343750000 
0.018183299418534 0.010427138742424 0.008507199061661 0.000597343750000 
0.016610535298256 0.009791263593655 0.000999061081726 0.000597343750000 
0.017945820178306 0.000996742124677 0.007021952687290 0.000597343750000 
0.010528650675572 0.003190161062541 0.002208535673838 0.000597343750000 
0.012791235338137 0.010351732004347 0.004698792310330 0.000597343750000 
0.016298989374367 0.015252416332396 0.000954082669164 0.000597343750000 
0.004949991397473 0.002662607658846 0.001375460846747 0.000597343750000 
0.000704483829930 0.011543847968197 0.000657217908302 0.000597343750000 
0.006127606285112 0.018245915470804 0.003368372679452 0.000597343750000 
0.005789186640982 0.013011758881147 0.004982914150775 0.000597343750000 
0.018466812928863 0.009987343331560 0.004126376057688 0.000597343750000 
0.012014603113049 0.014270183251385 0.007532969467233 0.000597343750000 
0.010882330315713 0.018334856377036 0.008594643577734 0.000597343750000 
0.004052159373480 0.017133466295451 0.002044655400242 0.000597343750000 
0.016227387395715 0.001991034034688 0.005543229758679 0.000597343750000 
0.001906679349776 0.010353553718221 0.007592606035180 0.000597343750000 
0.016902354514008 0.007279757389718 0.000721396358296 0.000597343750000 
0.014742100777754 0.011865300084540 0.004252636094285 0.000597343750000 
0.008221589169918 0.009091707977725 0.004598993395375 0.000597343750000 
0.011331842197645 0.010609054665848 0.002410190936817 0.000597343750000 
0.013554964197328 0.002767164705735 0.008665462081871 0.000597343750000 
0.004297344704577 0.006264030956684 0.002274857573818 0.000597343750000 
0.009754489440699 0.007253115203243 0.002074474987422 0.000597343750000 
0.006436324178557 0.010936061143832 0.000874169107631 0.000597343750000 
0.000984266675195 0.012811971188767 0.008677587622183 0.000597343750000 
0.008139651376648 0.014217441137954 0.008864157680342 0.000597343750000 
0.016075430575816 0.003285960735161 0.002387560007806 0.000597343750000 
0.003816541762695 0.004809322475414 0.004491443009555 0.000597343750000 
0.002441961497098 0.010679023275889 0.005964221632393 0.000597343750000 
0.018196805336100 0.008255505662634 0.001028858430694 0.000597343750000 
0.012493069625321 0.013025669750551 0.002521075564262 0.000597343750000 
0.009749322979623 0.014326763697023 0.003827391374054 0.000597343750000 
0.014596957144491 0.009793622966671 0.000925854544975 0.000597343750000 
0.010361265161488 0.011662059439752 0.004442513983089 0.000597343750000 
0.018426193897836 0.018396744810783 0.000703674640162 0.000597343750000 
0.003768817171125 0.014265781516289 0.006473589282048 0.000597343750000 
0.011129994029272 0.005131427381282 0.000653608457082 0.000597343750000 
0.005034418141546 0.010014050982119 0.004479482658355 0.000597343750000 
0.005967578273804 0.004178814719790 0.005073503419706 0.000597343750000 
0.004673632295765 0.003473051179171 0.008728427901304 0.000597343750000 
0.002573939449288 0.002284750433250 0.008788083074158 0.000597343750000 
0.006510125548034 0.010146806747633 0.003402310904139 0.000597343750000 
0.012777845376936 0.014858289988321 0.004628876894217 0.000597343750000 
0.012889011821101 0.017199313595386 0.006269619389149 0.000597343750000 
0.014785986685759 0.010688924619741 0.008752121241097 0.000597343750000 
0.002571279375018 0.011281218493244 0.002759733049811 0.000597343750000 
0.009989699811327 0.001805846021850 0.003553901464963 0.000597343750000 
0.001142432750772 0.009904682242796 0.006309005155919 0.000597343750000 
0.015945364913255 0.014515052634919 0.007344597187386 0.000597343750000 
0.017074121318365 0.008167765493992 0.007923671935938 0.000597343750000 
0.018412382896442 0.015092880194010 0.006735929668869 0.000597343750000 
0.018486185144875 0.013951932766679 0.004872605725222 0.000597343750000 
0.006313980504653 0.001288114895485 0.005622944205579 0.000597343750000 
0.001626444354134 0.001056110720104 0.008937551163726 0.000597343750000 
0.007885909292520 0.007263372470180 0.002979183724505 0.000597343750000 
0.013220605240668 0.015968798250023 0.000615485843979 0.000597343750000 
0.014419030348951 0.001432434990173 0.007518476184282 0.000597343750000 
0.010805235592018 0.000863260279054 0.007332480790429 0.000597343750000 
0.006794094087289 0.015332513495126 0.006736774132947 0.000597343750000 
0.000633656395554 0.003914082494115 0.004878953361628 0.000597343750000 
0.000958282490123 0.014919829187439 0.003580655088382 0.000597343750000 
0.010215654526454 0.009901737592507 0.005287835874073 0.000597343750000 
0.015309159299849 0.000608717196472 0.000675301218863 0.000597343750000 
0.005964861514952 0.018450962992250 0.006762360983029 0.000597343750000 
0.009751081337488 0.000764561629975 0.008906617847075 0.000597343750000 
0.013906224353985 0.007614802192079 0.008945214658897 0.000597343750000 
0.016775517437387 0.007268102175892 0.002479536607596 0.000597343750000 
0.008811012973246 0.012534181869465 0.004486859161364 0.000597343750000 
0.015000105314279 0.011964306615802 0.005912527054639 0.000597343750000 
0.008715539432668 0.013717195975690 0.000664630097437 0.000597343750000 
0.011244400189875 0.000714958737138 0.000770529940889 0.000597343750000 
0.004443014948332 0.015578480957439 0.006292440006520 0.000597343750000 
0.018424754342401 0.000652830147465 0.004663631871811 0.000597343750000 
0.003018649612358 0.013237209640615 0.001111298031131 0.000597343750000 
0.013056334107025 0.003411397627982 0.006414404853839 0.000597343750000 
0.013267308197776 0.010888697871324 0.000758121329534 0.000597343750000 
0.002990333218295 0.015840561213255 0.002124247392027 0.000597343750000 
0.009487967916868 0.005879879369754 0.003188406814578 0.000597343750000 
0.008446680631338 0.007811383661324 0.008931812064519 0.000597343750000 
0.002471570981909 0.004102698394301 0.002420659611458 0.000597343750000 
0.018305884928219 0.018493783882717 0.006311082800503 0.000597343750000 
0.011640384045728 0.014923160878306 0.000700276121889 0.000597343750000 
0.016572167432424 0.005015631930534 0.004159432394979 0.000597343750000 
0.016990407932721 0.004695183718459 0.008850642029938 0.000597343750000 
0.012811625879587 0.006017555736565 0.000696251087946 0.000597343750000 
0.000728877163671 0.006949971426996 0.006995856441001 0.000597343750000 
0.001835481446911 0.012775983417299 0.005099392520084 0.000597343750000 
0.007163961462198 0.015196000558742 0.008870806794610 0.000597343750000 
0.003743854556548 0.000939348984150 0.006076883324071 0.000597343750000 
0.005492902891434 0.002228468677340 0.008718839514900 0.000597343750000 
0.016430764061052 0.014811573546761 0.002503805062457 0.000597343750000 
0.006937299346501 0.016699053843712 0.006711396098281 0.000597343750000 
0.005267951986745 0.010196867852349 0.008806328033072 0.000597343750000 
0.014241993861745 0.017308266024442 0.008533059513261 0.000597343750000 
0.015489307725208 0.005409128742057 0.007389894703360 0.000597343750000 
0.006003727165441 0.018489965227342 0.004756430172595 0.000597343750000 
0.002181861756079 0.016058817173993 0.000822471191558 0.000597343750000 
0.011135462949961 0.011698534904114 0.007433849554255 0.000597343750000 
0.008184490020621 0.018420507900834 0.006952163258827 0.000597343750000 
0.003773618881717 0.017551585590468 0.008871449427765 0.000597343750000 
0.000624521702414 0.002375921190109 0.005418182242735 0.000597343750000 
0.005049920391353 0.005104852072422 0.006427807278223 0.000597343750000 
0.003312223399891 0.018495907462888 0.001684366233653 0.000597343750000 
0.000649866316405 0.017710666063211 0.000699051484872 0.000597343750000 
0.002713805383600 0.004313286552570 0.000958118742379 0.000597343750000 
0.002473461876071 0.010918114897671 0.004186839779990 0.000597343750000 
0.013917046472019 0.011289732172398 0.002425526984141 0.000597343750000 
0.003701145938739 0.000658225492343 0.002158457977458 0.000597343750000 
0.008113788475341 0.010382754681782 0.005662424607591 0.000597343750000 
0.010482035569535 0.003628458321344 0.007923076523189 0.000597343750000 
0.007824225530954 0.018384026298851 0.008867389750229 0.000597343750000 
0.006290256309520 0.005723532277464 0.003380860396195 0.000597343750000 
0.000819396011971 0.015223887984091 0.007018467171033 0.000597343750000 
0.013339579659106 0.002218496357612 0.002284406185359 0.000597343750000 
